6.40969
2.82485
22.0944
9.98137
18.2366
2.58061
34.7779
48.6263
5.19202
31.4544
16.3415
52.3325
99.0926
26.5536
79.8998
22.2457
3.45812
5.14278
9.90254
28.8342
5.59171
17.3889
39.6955
91.7558
29.6055
21.5596
5.12061
24.2249
14.4036
8.1174
36.3092
23.0998
10.0924
26.162
63.5957
19.0276
25.2619
21.8826
12.162
130.05
102.69
41.5082
4.4042
33.2954
25.3406
17.5559
16.1466
7.81052
10.076
6.31831
16.2958
36.4093
33.4849
5.98947
17.0825
14.8407
60.1296
38.4951
0.367005
10.5891
15.7827
43.6243
17.8526
16.6442
4.32934
0.580812
20.7624
13.9841
7.77406
7.74475
89.9968
13.2296
10.2468
4.9931
86.1144
17.2233
5.77212
10.4518
91.4062
19.4237
17.1349
3.82708
1.60244
9.8209
7.10681
26.888
86.7972
23.9556
17.4987
11.196
18.5441
11.9228
12.2216
3.01195
21.8733
1.88003
24.5765
20.1068
13.4572
36.5758
20.8515
11.6704
15.3757
4.42058
16.2054
5.38989
31.9729
18.4322
49.9565
10.4423
15.0967
20.2616
30.6052
52.0293
7.13554
50.4437
26.5028
20.2186
9.69933
74.5364
68.8096
9.75083
17.7952
7.27018
49.8102
20.683
6.31819
16.779
19.6264
9.85399
1.30474
7.65536
60.9804
41.9484
2.04174
12.3126
17.5654
21.0366
52.3217
34.9617
11.5458
45.915
39.6594
58.3508
3.99496
36.674
44.8829
28.9399
3.6502
160.834
25.328
9.3921
23.2708
63.1057
21.9089
115.998
7.41784
11.2065
164.715
18.5739
6.97815
13.3502
21.1642
85.3912
69.5288
3.53091
4.84257
17.4503
6.48388
85.3025
13.0657
39.029
28.8498
25.873
87.5618
39.7276
9.97989
49.1681
36.072
90.2426
10.6354
17.5443
43.5654
92.6266
14.3963
8.49569
0.986127
18.8426
15.4715
48.9113
1.84943
88.4297
93.5416
46.225
6.10802
14.0346
23.9795
3.89071
11.5556
26.4207
9.66247
46.5691
91.5232
32.1716
44.6031
36.3653
14.1322
21.5573
50.9817
6.74811
13.8652
11.3497
9.97155
17.6517
4.66629
8.11461
17.1451
20.7029
5.2848
91.0022
8.11579
77.7624
5.12815
14.257
22.8191
17.2043
41.1277
90.059
29.6603
17.8168
14.733
4.43616
7.52789
135.158
6.07823
41.9701
31.5176
11.6823
5.17249
36.8491
55.2257
12.4259
8.03785
25.5737
37.5344
6.11381
6.00624
19.5023
16.0949
1.35786
89.9437
13.7828
93.2807
9.36742
15.603
2.05126
23.9877
53.573
36.3572
5.12284
29.4512
5.51159
48.6618
10.5487
20.3738
14.5475
2.50418
53.8568
8.53923
12.7616
23.6521
31.8518
15.2377
83.537
28.9098
17.457
19.4455
27.2283
20.5369
13.3019
24.5295
26.9715
25.6215
11.5194
33.8462
93.7949
29.897
15.1277
3.60566
48.9476
38.0854
89.2945
5.64441
4.58937
45.4668
30.4344
85.8223
8.49175
5.44889
28.2102
39.8524
67.5399
25.3109
25.3321
37.3419
97.9129
33.7413
0.420318
16.9537
7.05591
49.8934
4.22665
87.9765
9.39444
9.78507
34.7493
14.9938
31.4475
46.8376
26.2522
6.37338
42.4872
20.4642
20.341
29.3345
32.2307
9.85043
8.13183
36.2851
3.82087
13.7374
32.4207
65.9002
142.821
71.9277
3.62053
4.93063
11.0966
34.3705
47.9955
92.1632
73.816
21.391
0.812935
22.446
23.0562
33.7039
4.85188
60.0788
15.149
31.8147
14.0224
72.9864
9.15961
11.4373
19.9573
46.6223
16.4808
24.3178
28.1189
13.8266
11.9448
20.7951
195.211
14.9146
1.71362
9.92263
21.2455
4.94096
27.7819
8.17752
38.4328
6.02491
56.2832
21.1686
6.10726
64.7086
30.5044
86.2047
9.54823
22.9231
16.5686
3.349
20.9708
27.7274
5.87059
33.9161
15.7902
9.3921
37.3248
18.2507
43.0754
121.635
9.90058
38.3781
25.3088
22.973
128.641
27.2609
14.8743
90.7191
0.966204
45.9232
21.789
40.2379
8.21305
97.7066
8.84782
5.24213
5.11522
15.202
23.0926
1.71071
81.079
95.5933
30.1224
0.321217
26.5011
27.2512
17.1036
40.2617
2.73436
8.82122
29.1738
0.940305
0.531909
69.7148
12.0936
28.3046
26.3628
19.6541
1.10257
20.8347
32.0595
1.70451
9.99555
85.2501
2.16296
10.8507
7.04853
30.9993
10.8955
106.817
17.7918
39.3447
44.8126
10.5304
120.287
3.07379
4.55653
20.4364
3.4311
47.707
6.85812
11.3769
44.6722
5.90431
10.747
10.7979
69.7578
6.8694
26.727
5.41859
12.2978
16.4767
15.0658
3.56954
83.9676
53.2147
4.64804
11.7888
31.4797
8.49517
9.3365
18.9308
5.23261
8.28279
20.5715
23.523
6.23764
114.992
18.6422
64.5182
5.08551
47.8898
46.0542
11.7802
2.04015
29.595
91.069
6.77816
97.7784
105.56
67.4553
10.6203
97.8985
9.0035
41.9155
28.4046
90.835
22.9188
45.1102
54.6377
14.3764
87.571
23.6122
15.855
27.04
38.317
53.4314
6.80226
30.691
2.44638
68.9693
46.0149
0.910113
59.4747
10.6935
12.5384
9.99802
7.20944
12.3353
18.1898
18.7247
42.9446
7.23197
26.493
2.00325
69.3809
19.6201
91.0577
19.8808
10.0857
7.23593
34.909
33.979
15.4401
10.7455
14.0383
6.30201
42.2566
4.77926
83.8301
82.127
26.7122
50.2203
7.16272
4.96183
64.8245
4.71262
87.3541
97.9242
10.3095
37.4266
43.6324
0.959747
32.411
58.8306
8.67985
50.8527
5.86
9.42613
40.8928
35.5775
23.8474
48.9928
25.0142
4.70151
2.90381
5.03179
118.19
101.903
7.8835
34.8742
6.05684
47.4564
85.5153
6.77431
56.1089
8.22191
180.692
2.02706
21.9343
15.8886
71.2728
5.35809
45.3081
14.855
127.551
8.68024
3.37752
88.2204
26.7122
29.1416
27.7865
87.5988
2.96604
24.2042
13.3294
17.3348
21.1654
15.0943
9.7509
22.5419
15.8897
9.64081
31.8575
14.6226
34.0211
1.54805
49.9141
4.56932
29.5991
3.92421
59.7251
108.291
34.4957
80.8849
7.4385
11.6201
17.1535
65.3786
12.7939
22.9765
16.2813
33.1337
13.4321
18.7626
24.3584
8.73988
19.1691
9.38857
83.0845
3.83418
32.6799
22.1275
18.7668
4.73558
4.18217
36.5381
48.5353
10.7298
11.7406
2.03081
18.0399
36.3285
14.5057
33.4311
29.7028
4.02877
10.7533
9.09683
26.8028
73.7147
8.79547
15.8234
25.076
27.7114
52.5426
28.327
13.7824
22.2424
6.75978
63.6015
69.0905
102.6
11.5967
26.8088
10.0031
13.0294
38.5609
12.024
17.774
31.1489
28.2269
67.4617
15.9933
1.99879
14.3719
17.3355
66.5498
17.321
68.2664
13.0399
40.3666
91.7794
72.5576
131.268
10.7243
20.369
6.35346
22.4261
21.5134
14.1855
68.3869
46.5988
32.153
9.58213
4.11358
15.2563
15.8717
12.5157
47.2583
7.02885
4.62292
43.0408
11.3511
49.318
21.1273
59.7458
15.4997
22.279
74.5268
35.6651
117.036
14.2825
5.5809
14.4971
28.8711
102.789
12.4139
15.2278
4.37617
32.7738
29.4103
24.3744
65.181
8.28236
20.0695
84.1438
0.735211
8.34308
49.8431
16.7449
35.225
15.3074
29.9077
97.5974
15.2998
12.8244
14.2832
21.4918
1.42434
10.8179
13.5461
17.107
5.22658
25.1507
6.89017
30.856
14.9171
17.7847
73.2439
22.4251
37.6933
2.61034
73.5309
69.4833
5.54974
78.4343
85.6119
45.017
10.0764
15.8043
20.1332
37.2639
89.5495
90.0843
22.8291
53.1824
7.68255
10.6684
51.4682
44.947
20.3386
8.45958
21.5285
88.3621
6.42091
16.3695
11.0187
9.03702
25.7023
24.2552
14.8403
57.5727
14.7447
59.7099
8.12298
14.4497
55.4241
53.3816
28.4735
10.4984
49.9016
13.2237
17.4522
15.5121
10.4904
1.50077
82.9062
29.0801
12.3491
3.03414
11.6977
5.22006
16.631
22.2463
27.9594
35.9073
9.55349
15.9572
14.4
12.1371
19.533
30.6171
20.6274
13.7477
43.345
17.4099
35.8204
5.46533
29.9435
45.9261
22.4013
12.7773
32.3455
50.55
3.3559
22.515
6.60149
3.25895
23.4274
86.9524
14.7815
46.1786
21.131
22.2098
8.21226
13.519
88.6946
61.3377
11.5821
18.1319
10.8675
27.0399
4.49789
9.73639
3.33566
22.622
21.3576
60.2218
10.6871
46.7434
5.76493
15.802
12.5263
13.1458
24.0581
12.1061
12.1284
34.8656
144.644
3.366
17.023
9.95979
13.9419
1.01123
44.3501
33.0028
22.236
14.1108
92.6368
45.1747
33.2632
280.94
22.0658
9.89242
13.4596
28.6804
126.279
92.7309
22.947
23.4292
32.6144
31.7895
16.3349
3.98826
18.287
94.4022
2.5235
60.0379
7.3588
31.655
9.84817
19.1794
26.4158
34.6954
1.09098
14.6652
4.2517
83.5965
65.4062
5.8757
4.36382
63.0338
151.152
85.2163
7.06893
9.27472
27.3469
36.9012
9.17027
26.5375
35.9174
1.3097
35.7078
52.3104
7.30557
6.78713
43.404
26.487
17.8179
23.0253
88.9906
37.8757
23.1544
76.6559
15.736
9.46551
16.7453
17.5291
13.6433
11.1143
52.6264
12.4455
58.0189
7.22651
50.4143
31.9434
23.7071
17.8844
77.9498
24.6768
9.68371
47.1089
32.7814
4.60621
23.8996
18.5936
17.2276
51.7775
24.1117
7.65488
6.80071
21.0408
5.97228
4.21166
1.74371
13.9871
9.15489
24.482
6.00819
90.3705
64.5784
18.1662
2.5895
60.1337
11.3267
21.3737
17.7376
19.7458
33.4873
20.3198
14.4701
18.9155
25.0233
6.56854
11.3922
26.4472
17.3701
16.8921
49.4866
9.73431
22.1801
64.7684
18.2146
29.9455
25.2744
110.667
11.9107
16.845
5.04977
38.6774
11.9998
2.59828
15.7301
75.4378
14.3301
29.7288
91.6205
15.2439
90.8218
51.8719
28.3701
30.0457
9.87013
33.6282
32.5015
57.3512
53.9562
70.1785
16.7173
26.2159
19.8024
40.6979
94.6636
92.992
6.56473
0.517235
27.1627
44.6078
82.1406
3.13183
3.38782
73.3913
23.8392
12.3849
88.3643
26.5952
17.9521
44.1901
16.0022
11.6688
14.8867
19.9462
52.5666
83.2477
20.1825
51.9284
17.8833
32.8596
5.1921
22.4372
85.2413
33.6143
43.983
19.3179
40.4364
8.29592
53.4295
16.0809
3.13663
43.1424
69.9461
19.8563
16.5983
19.676
29.0492
9.1566
1.07185
9.08047
30.3112
60.7294
29.33
39.4404
17.0833
23.7898
13.7994
31.6567
14.6184
124.4
11.3282
5.37479
24.0803
4.22261
4.75827
6.71065
1.6306
17.483
2.88382
27.7955
7.8298
24.4989
8.74332
78.7226
3.7078
3.25937
4.99416
38.2841
9.56074
29.1902
101.93
48.8658
21.2223
37.1314
41.3269
5.40104
31.8319
57.5524
21.0005
7.9903
3.43076
6.32446
6.26286
69.1437
29.9687
35.1093
112.86
51.9843
14.8505
25.673
26.0276
56.3175
84.4303
14.6175
42.6323
22.1654
61.7891
63.9989
5.6273
5.54819
19.7208
34.6584
21.4447
22.8185
24.6551
11.8747
10.975
63.4788
53.2361
15.3803
6.87224
28.6617
24.3891
7.8718
32.8677
53.6958
77.395
18.8738
0.645694
23.9164
28.5536
14.6581
14.1922
22.1665
3.78441
10.6363
6.88564
21.2684
34.6328
15.206
7.47538
75.5753
18.0019
6.72978
5.68915
10.9437
38.4425
41.1119
8.51656
11.0894
21.4617
5.59553
0.601771
19.5278
10.8361
24.0819
28.9074
12.9354
116.881
37.3113
13.7657
32.5592
28.0158
51.2088
47.6824
7.34679
1.66606
33.2524
41.6934
5.74492
6.51277
27.7117
6.52753
22.6608
15.5711
16.8847
41.6535
12.9787
5.97704
16.8587
19.7358
10.361
26.2722
34.5788
22.5358
8.01823
12.4612
26.2552
22.935
8.54245
14.1961
6.5089
14.874
22.5306
31.9018
18.9245
11.2171
3.85406
16.3697
14.5376
80.4731
20.59
5.69202
8.42705
55.0443
22.1932
13.7095
23.5009
13.0617
59.0588
14.8281
89.4681
8.13679
17.5907
51.4819
29.8711
5.18273
5.36468
31.0644
36.3709
1.37663
94.0044
51.2143
19.5074
18.8268
2.12032
103.689
6.23117
99.9357
5.72651
26.7439
13.0123
41.7756
14.3503
23.7664
52.4506
19.4787
12.428
26.5171
6.70348
2.38432
10.4938
13.363
44.6197
5.739
7.37563
4.89046
3.28201
7.59846
11.7687
26.884
13.0104
31.669
8.92411
15.1785
93.0806
49.8281
10.8893
10.2785
6.48331
17.3457
4.35814
136.709
24.6583
6.15912
39.1752
17.611
9.36049
3.59697
9.91553
46.3627
24.1156
5.2464
149.788
38.4943
5.34511
67.2189
27.5605
5.70404
18.5268
8.42906
44.3889
27.3838
6.17084
16.707
66.5075
26.0959
11.6903
46.8628
1.51003
92.999
24.0972
95.8541
19.7837
50.854
5.60009
72.8403
9.19396
16.3243
21.8025
42.6809
25.3262
35.0455
3.96156
90.1565
11.7735
10.6271
17.5746
26.8624
8.55242
34.9211
89.8755
15.7302
15.5666
20.5567
0.80595
30.8895
18.4893
6.09118
5.50726
36.5559
6.28574
113.788
4.27424
8.51163
92.1097
53.2104
51.0089
30.1272
22.0902
18.2202
99.685
18.805
88.2246
11.5648
2.59632
68.086
3.94167
30.5938
8.30982
18.8925
13.9066
24.8813
32.3547
18.8588
56.8474
8.05449
23.3117
84.7718
9.77052
47.8619
22.1399
14.1365
4.91568
53.9024
30.1602
22.0205
15.9403
68.0688
1.31758
33.0996
9.1955
25.8122
31.6922
2.55365
38.0812
8.91731
10.4564
45.2954
29.7655
5.02169
4.63631
40.8052
13.1361
81.4087
9.99463
28.1129
5.18935
32.5893
26.7812
3.45496
40.2936
2.99842
7.06957
27.374
72.3086
16.2588
47.3372
5.95013
12.0545
91.179
38.5462
20.5056
21.3841
20.4464
16.2382
12.3442
9.0183
42.7858
12.1244
93.6215
40.2768
97.1985
46.3908
2.91799
24.1156
12.2666
3.46763
25.0858
11.4592
15.0111
104.839
22.9436
44.0078
15.4588
5.09394
13.2407
11.064
4.50528
33.7151
7.44503
87.8487
31.0802
16.8532
7.94825
11.661
27.012
9.24261
17.8718
19.2434
10.5236
59.5012
17.7861
16.5657
5.90579
32.1103
16.0208
19.8037
4.03473
20.5121
66.783
83.3566
31.8405
12.3692
37.5721
79.0669
20.2667
13.8416
11.1812
61.2701
19.3052
20.9915
12.7703
30.29
38.6819
62.3067
31.9947
88.2303
104.316
30.3217
30.9831
7.62962
18.7879
89.0178
22.0069
17.4608
28.4026
83.6355
9.95573
51.1204
22.1547
32.5203
16.5054
6.74976
51.1274
9.40351
25.8201
21.6697
18.3902
8.86173
27.5755
32.6154
30.1047
81.9303
12.1465
5.46658
58.4503
9.91744
56.2876
91.3053
1.4454
26.0068
63.8666
10.8034
24.7279
13.4369
1.1637
14.0547
26.1763
10.8448
66.7661
20.0332
4.21479
62.3911
42.4708
15.5171
27.486
9.00993
18.7542
20.685
20.6728
3.46962
24.2201
2.75173
11.9618
20.9394
8.76513
81.2915
10.0859
1.76521
84.1698
87.9107
8.14569
90.8659
42.0476
100.416
90.6247
9.20328
93.5632
3.78558
14.4503
8.27109
25.0144
7.19242
11.76
7.2182
11.5618
34.1889
2.11896
38.8121
24.1752
17.2793
27.6385
30.5832
15.7519
27.6897
19.2233
17.6815
33.097
5.70386
12.2849
27.9897
100.043
150.25
37.5771
78.0804
20.3409
35.0601
59.1283
58.6665
6.85591
9.16872
12.4917
17.5057
7.64323
10.5255
1.7937
10.8013
4.52763
21.8624
22.1732
17.5966
27.7499
21.5523
22.0253
36.4891
3.83495
4.87711
18.6823
19.506
10.6886
26.0351
18.7174
3.88187
4.53415
23.9265
25.0036
27.2924
40.1373
10.6026
101.129
9.86136
16.513
56.863
19.8812
6.61177
10.8977
8.59244
90.1188
16.6801
35.1753
8.51472
57.8867
22.4252
14.2469
22.0476
86.1566
128.507
36.3445
8.21137
25.0735
182.728
13.0049
20.1596
68.8156
19.5708
49.0605
4.28717
17.0113
18.7665
5.74016
8.77476
108.711
11.9571
2.20566
51.0466
24.6368
7.53954
53.8391
38.0687
