41.506
40.2452
4.28146
42.6732
20.2826
9.53997
6.30325
24.4863
53.7296
90.4857
7.36282
2.04252
33.7549
16.6663
26.0667
7.8027
2.08896
14.4544
18.7881
28.8823
22.1383
6.67194
55.3494
12.6577
19.3671
27.9804
93.741
20.0708
53.2712
12.2481
21.7102
11.4359
4.95967
51.0385
12.5146
57.4472
16.87
26.5665
24.184
11.0447
25.2337
5.91177
91.1667
1.66823
67.1491
87.4201
29.1204
16.6877
6.02434
8.15738
10.743
263.651
53.964
21.4691
83.4203
10.0986
112.142
24.1196
35.9306
104.278
25.2913
13.6073
12.1656
11.867
5.91227
22.6486
40.0966
4.10104
5.63923
21.0552
6.00491
90.4178
16.3372
19.4926
1.24445
1.4907
11.5338
125.233
24.3139
76.0538
35.8479
39.2462
48.7355
35.3153
16.1896
11.5039
6.68507
13.3781
37.5122
24.5254
21.2274
14.8189
10.5045
3.5092
4.58023
92.3201
7.21065
0.603362
3.3535
81.6321
60.9824
2.68876
64.6604
4.83526
17.6533
30.8876
15.1795
9.58359
15.8669
27.5841
26.6322
4.27259
88.3888
26.8802
34.0622
19.5319
10.8489
13.3709
45.5759
25.0949
39.3736
24.0338
14.3251
36.4321
31.8044
28.9021
40.6231
28.5552
36.1736
10.9358
9.62057
10.4175
8.7818
36.879
17.6951
34.7517
28.9854
44.6041
87.7731
39.0634
6.3549
47.5031
7.04203
11.2976
23.8467
16.1826
52.2546
11.2862
56.1881
15.1025
5.97171
5.96766
79.9007
33.0715
16.4304
22.7073
15.0544
21.1176
27.2479
10.9094
9.15722
19.2783
4.40906
10.0803
19.2868
20.4742
23.4926
6.8506
20.1915
34.1591
24.0287
37.7505
25.9324
16.6625
165.73
43.6412
121.684
23.9632
14.1453
6.12262
2.07801
15.3036
82.7711
1.89083
30.5809
92.6602
29.8513
16.6317
33.2039
26.8972
15.545
27.7744
32.2243
14.0909
82.3462
3.16333
25.3573
28.2428
10.8297
14.8683
8.57838
50.386
9.36955
60.7116
10.3084
15.3785
113.924
62.1591
18.2767
2.93913
66.9171
14.494
17.9745
41.6687
138.59
0.727241
32.3982
0.741864
53.3014
40.697
34.9093
3.73049
6.35239
32.19
5.75044
23.6055
24.5015
22.3956
14.8483
22.8995
30.6657
11.4081
11.7185
14.1395
21.3325
12.6021
42.0316
13.8596
13.5111
1.21045
15.9214
86.4017
13.9578
14.423
28.2301
16.7523
17.5911
14.3946
27.8523
30.8763
7.86937
23.2738
16.8443
38.4034
107.691
6.92548
18.3872
1.64973
83.1186
30.9923
6.75287
9.08965
22.9207
30.4849
13.2083
66.5393
10.4326
21.9102
1.13805
23.2599
46.3785
28.9061
48.7198
7.62748
28.7611
9.75761
10.234
95.4587
26.3323
31.3982
57.7778
42.0939
74.4535
36.8723
9.40425
30.8828
20.1179
89.5502
22.7605
47.477
40.9582
0.522006
25.2391
10.4321
84.8366
13.4297
14.3409
88.5803
10.639
142.496
87.1032
57.2857
28.2708
35.8738
14.9493
22.6801
64.2149
79.4537
84.5862
13.1625
5.01773
16.1041
26.2256
11.9168
68.4932
8.34168
86.6792
16.9308
38.322
130.996
31.1241
30.1508
24.8611
11.0561
16.6204
107.773
22.5548
37.6879
21.0821
15.0675
73.5016
32.9139
6.00879
14.8481
0.763523
71.016
55.3826
7.971
47.2153
91.5846
27.8256
67.2733
34.2127
19.3482
41.2163
48.4958
35.7173
45.3376
22.1969
25.4991
53.7437
5.69394
55.7405
130.328
20.5283
1.21455
28.6368
15.4174
15.4008
76.3567
26.9342
92.8991
9.62114
1.76274
7.91889
74.3942
70.3693
36.0486
24.512
5.7347
31.1281
10.9769
13.6096
23.4615
94.3043
7.44003
8.25392
61.3434
3.41436
39.0018
9.66301
4.95861
14.463
87.4653
63.8034
11.8371
21.3969
25.6151
1.03376
16.3842
22.548
123.572
79.4605
0.946245
4.08818
4.74011
43.6644
144.567
15.5037
29.7402
53.9775
0.781185
65.1562
6.06127
5.98745
66.6939
30.6464
27.4582
36.1567
13.0958
6.04542
0.483749
13.3741
6.49987
84.7547
19.1411
40.7955
8.01226
16.8113
3.09213
81.4621
23.0567
26.4137
131.618
3.9709
19.0481
21.447
8.22315
21.0807
12.823
33.8996
17.2287
24.0786
34.4914
3.24341
17.0742
46.1061
6.84014
35.5706
5.23883
27.7485
5.837
91.6995
4.39289
7.05838
21.7768
71.2699
67.1379
6.58616
1.96414
31.2615
35.1931
22.4258
7.05522
34.9739
10.9273
4.38049
10.2299
13.0634
19.1656
77.3762
16.7999
55.8066
65.8445
69.6501
48.1882
10.019
49.9689
85.9352
17.0878
5.71445
19.5612
6.44927
15.5407
33.424
59.693
36.1135
96.4997
15.4604
12.7171
17.7245
9.26018
18.8733
12.2302
18.7743
88.881
4.68331
10.5603
43.4662
13.9326
9.6332
4.19485
38.5089
27.9065
111.076
10.3435
6.53129
19.5471
19.0193
51.613
42.9618
31.6905
19.7187
63.8949
105.721
1.45251
41.6587
15.6513
4.30599
12.2591
14.4743
4.86464
90.5482
89.4179
18.1085
26.8857
89.7084
32.8898
19.1398
91.4427
9.44093
27.5306
27.5982
59.2424
96.959
16.7086
13.2117
28.7111
14.0829
8.95903
3.16524
90.6611
19.2531
24.0787
29.4786
1.66545
31.3961
24.5309
3.99757
242.408
50.9313
13.1843
4.97322
25.7192
26.921
51.8301
4.45624
24.4899
8.10117
44.6396
9.99831
6.73697
10.3204
10.1991
113.657
11.1773
1.02086
85.8195
94.7937
95.9248
7.73521
6.6095
23.0532
9.86287
39.5615
6.68075
89.5437
37.3459
45.4476
4.89362
66.7948
27.0271
25.6382
78.9648
13.4026
14.6135
24.676
67.1905
23.1449
19.8708
29.836
61.9572
3.26636
86.7927
13.4385
7.58467
4.63911
28.3754
18.744
41.0046
16.2848
48.6158
104.358
13.405
3.46207
29.8792
25.2779
8.02044
20.8038
18.6118
90.1097
25.0373
64.0382
51.7441
94.9529
18.5409
89.1999
15.3328
54.4963
70.4794
12.9976
3.14141
35.8659
24.5525
80.6927
5.05836
45.4126
7.84621
2.6503
19.2704
44.9017
33.8969
56.2688
28.3805
14.4462
80.439
21.0614
26.7414
20.0532
10.8587
8.40379
7.82829
38.2588
20.7917
15.4755
56.2646
23.2409
34.0962
15.7793
14.7895
18.7027
14.8813
5.35231
78.1291
8.26033
2.49631
27.225
41.3305
6.18924
15.5026
5.93068
13.5586
4.79458
26.145
35.9436
38.3018
26.3611
20.6994
85.4245
92.6937
39.9444
2.26989
24.2919
60.1249
33.779
6.91014
12.8028
10.5276
35.2301
21.7897
10.4269
24.8138
8.90642
39.6068
137.883
19.0695
45.4493
9.6284
6.66555
41.8756
37.5054
11.0508
9.66654
28.9513
57.8706
63.297
42.8641
12.1155
11.5562
15.7394
82.8269
3.53782
8.86177
20.4749
26.3824
17.8872
22.1313
35.4869
4.52384
30.9782
5.56725
8.02879
7.66459
9.12863
23.2855
3.99216
14.0368
11.3886
42.8523
19.6228
79.0274
18.5499
71.5451
88.6454
61.6351
1.03409
105.231
106.295
10.6318
7.23234
24.893
25.7519
27.2511
29.6664
11.1494
30.0938
18.4071
2.7842
8.1336
28.3174
2.61353
42.6713
4.16804
14.652
35.6221
10.3236
116.099
22.1229
14.1343
22.5416
8.9214
0.670051
4.29706
32.7755
2.42541
17.2227
1.497
35.6077
33.5393
87.2311
30.8583
11.5233
21.7588
27.9053
19.3681
19.1671
13.8514
29.075
47.8981
48.7882
97.0653
82.2029
18.1186
3.58197
19.7776
17.5751
13.6444
13.858
5.89936
46.1296
59.726
18.0027
83.3014
28.7506
34.4707
19.4743
16.0172
3.07607
5.47654
14.3599
15.6459
8.05289
5.54777
16.5079
38.1779
61.0394
5.38007
15.0176
78.6427
40.2306
46.1718
11.1277
41.0925
29.0636
13.467
91.4315
13.3737
1.79949
15.3651
19.7845
1.98197
47.4939
47.5617
29.9215
19.4663
17.1543
15.4838
99.8244
1.92371
19.6166
26.2146
40.6204
16.9344
84.1256
5.44927
7.29046
15.4419
5.52795
33.0937
8.91256
5.80104
53.1339
20.057
33.7332
63.2211
35.6932
34.8396
4.95437
10.5691
23.3783
4.65685
43.4758
35.0246
8.80761
20.6748
62.0148
9.61756
16.1718
14.7779
31.1888
12.1249
10.5131
22.7831
8.15699
78.516
65.3037
1.52653
13.8551
6.40525
10.5279
45.7354
19.1404
10.9903
13.3653
22.8681
108.358
10.8278
44.1885
18.6934
11.0199
43.0792
39.3109
0.659198
27.5596
21.6469
14.6798
46.3427
25.3692
11.8035
15.3893
23.3226
51.204
20.1027
55.7163
83.569
35.8744
6.82802
16.2605
7.28909
7.80529
43.9934
15.6273
21.9359
30.2149
78.1585
108.163
14.5161
4.34522
11.7118
19.8772
27.2755
40.1605
13.4054
2.34004
10.9201
15.0796
36.3162
10.7221
23.4397
92.0718
85.3339
61.9696
8.2749
19.0203
10.9211
29.7132
40.2424
3.99494
16.6579
25.5748
6.70909
5.14148
46.122
8.79597
24.0761
26.6782
6.61246
5.21841
81.7036
38.4523
19.3318
40.1631
2.18629
18.3834
1.84073
19.1661
95.5062
15.7809
103.521
13.7257
54.5524
30.5032
45.3993
16.3691
11.2523
5.04902
62.1429
12.4998
13.7621
3.86035
16.515
107.471
15.2036
62.4918
63.7569
11.3541
59.7294
52.7984
91.701
15.378
34.0577
16.7679
76.9924
89.7035
10.099
16.484
68.0983
28.0104
66.1814
29.9511
12.7709
14.7358
34.4624
3.16918
21.1563
140.421
25.8226
28.0155
15.1952
9.79415
68.3692
6.40941
0.917644
11.8832
26.8439
93.8636
27.8588
31.0319
91.3619
17.2216
47.327
6.22622
83.2371
39.7626
59.1469
12.1121
31.6
89.8968
33.4058
22.139
47.6031
30.2984
29.6973
83.7654
3.88941
3.91685
122.189
1.45238
4.98666
19.3108
6.61679
7.93454
17.0267
32.4323
93.1647
11.2765
25.3542
14.7048
24.0348
25.3141
24.2403
45.2988
27.271
27.1708
17.6611
52.6342
38.9754
10.5611
8.2919
52.3557
48.966
20.1395
32.3563
28.5924
13.8011
2.86222
19.3167
1.64912
36.0891
37.3843
0.674424
22.989
30.5012
1.47862
30.4052
22.1487
53.6038
26.9081
32.8077
15.7834
38.8657
73.1096
3.98418
5.61262
4.70892
4.26486
19.353
26.3541
43.2426
26.3721
61.3826
73.1364
62.3205
11.9673
22.3271
5.4824
21.5121
23.5602
10.3804
27.2463
71.9914
2.18814
8.90705
90.7947
56.1837
13.8461
19.8279
12.4025
11.771
40.1118
7.33817
50.9612
37.2842
2.18776
85.6139
30.6038
4.51082
2.80773
5.43765
91.0323
1.20451
15.5048
50.0824
26.482
6.70171
3.84294
9.3777
13.7982
56.3116
4.90451
20.9767
26.3581
19.9984
99.0825
35.3809
28.3983
5.23163
12.9992
43.7908
7.59454
12.8925
32.0982
7.27369
11.4235
21.5424
9.92141
105.168
46.9097
70.6201
15.863
97.9361
42.6399
33.1921
59.0079
11.7776
19.1977
5.73317
14.0724
14.2849
52.7479
32.2326
18.0195
53.2711
8.78416
28.4466
18.7122
4.60484
42.2075
3.85262
58.6436
3.6206
27.9066
26.3305
127.378
91.5458
20.9513
13.8106
57.3491
4.81704
23.9807
34.1852
41.8904
21.8239
7.74043
88.3701
5.14879
45.1291
52.3865
14.2485
10.1529
36.9146
17.9104
47.2944
23.6403
34.4879
7.1818
9.84801
16.5162
23.8128
52.23
49.9203
50.3055
45.4608
35.7125
17.1589
58.9722
62.1733
2.32566
12.6386
30.1655
13.7731
17.2252
32.7618
5.64619
6.83857
69.6582
26.3343
14.4248
9.41353
13.5555
5.27355
14.1464
18.6151
30.5905
30.4692
80.0581
24.9898
14.7311
5.71327
5.54895
3.63153
13.8427
15.484
29.8623
26.7296
93.1143
20.5574
5.12369
27.1646
4.62862
44.3055
20.4053
24.9515
31.1489
21.2674
3.68598
24.8978
19.94
90.6999
24.9353
4.03926
18.66
91.5531
0.745915
9.86613
2.03928
85.9786
83.9559
37.5955
17.5256
34.6915
33.5655
45.7798
34.7318
14.8844
12.6485
101.346
58.8587
1.85276
16.6241
70.124
29.3913
85.2542
19.0394
73.6289
28.9009
70.5422
26.0623
13.6703
3.06193
2.34243
12.9672
28.6488
59.5064
23.2238
13.5663
22.5661
17.5846
6.99917
31.6005
44.2825
6.65133
20.9019
3.00915
69.1218
41.4914
15.3612
98.4022
83.6992
33.074
19.883
16.4811
149.121
34.7357
35.911
34.0269
13.3526
29.025
34.011
2.11822
0.662303
30.3047
129.046
135.547
4.05863
23.21
11.9968
80.352
5.94364
16.1455
6.60205
16.1056
8.57257
10.4245
22.1712
39.4606
2.02198
34.7422
21.8083
21.138
18.2767
11.6419
49.9097
41.6793
37.9518
22.7254
59.9974
39.436
19.8031
21.8267
22.5048
21.519
17.8307
142.359
22.7883
119.713
13.8502
48.6183
12.5306
54.3871
15.9959
14.4445
8.94743
11.5359
6.34818
91.1566
6.71615
116.929
30.0262
85.9003
9.45099
15.7879
7.62623
65.6492
2.18583
11.4688
35.5958
10.9354
133.13
43.2515
15.6505
19.2621
4.87433
6.54617
57.9046
50.4707
49.9347
3.10526
12.6248
43.5027
10.197
44.8986
16.7229
71.4132
10.777
12.7615
113.926
5.08773
22.1104
72.2589
5.0183
32.6697
18.6748
32.8498
16.8027
18.0755
34.1339
8.98296
5.24775
12.2727
8.36812
19.6452
69.4658
20.2374
13.9368
44.52
33.9406
30.0638
43.0605
4.26019
10.8228
36.3429
28.3521
41.7305
8.66518
10.0867
17.2593
39.114
63.1471
17.562
5.67737
45.6687
87.4936
16.0163
15.1678
3.66791
35.0892
78.8865
19.8454
14.6531
91.5827
5.84659
73.2636
15.8815
33.1247
52.553
16.7809
10.8258
76.8229
7.01517
11.1915
59.9862
4.43985
28.3815
22.5957
16.4269
17.3816
1.79939
24.8267
23.8548
31.8869
54.1172
75.358
28.2735
9.85525
12.1642
22.2631
12.7763
29.1486
28.9811
26.5113
13.4083
46.7141
6.79662
1.17547
89.2014
6.08058
25.5721
60.0631
9.46192
27.0625
5.45424
16.8419
99.2729
95.9265
27.7773
3.3683
11.9617
33.68
39.7698
43.1171
15.4245
4.46825
0.786108
51.01
15.344
19.2072
25.6193
44.1834
29.7936
32.4619
1.52609
44.1432
6.95833
4.07
57.7604
15.4226
16.5234
15.8455
45.9404
83.5596
22.8662
15.9529
7.50798
92.1715
93.5151
80.4625
10.4423
87.1952
0.825476
1.37261
48.9463
